x=1:10

x =

     1     2     3     4     5     6     7     8     9    10

x=1:2:10

x =

     1     3     5     7     9

Feb3
Hello, HATLAB!
The value of x is5 
{Unrecognized function or variable 'sinx'.

Error in <a href="matlab:matlab.internal.language.introspective.errorDocCallback('Feb3', '/Users/yudaisuzuki/Documents/MATLAB/math 230 proof/Feb3.m', 17)" style="font-weight:bold">Feb3</a> (<a href="matlab: opentoline('/Users/yudaisuzuki/Documents/MATLAB/math 230 proof/Feb3.m',17,0)">line 17</a>)
plot(x,sinx)
} 
Feb3
Hello, HATLAB!
The value of x is5 
Feb3
Hello, HATLAB!
The value of x is5 
Feb3
Hello, HATLAB!
The value of x is5 
Feb3
Hello, HATLAB!
The value of x is5 
Feb3
Hello, HATLAB!
The value of x is5 
Feb3
Hello, HATLAB!
The value of x is5 
Feb3
Hello, HATLAB!
The value of x is5 
Feb3
Hello, HATLAB!
The value of x is5 
Feb3
Hello, HATLAB!
The value of x is5 
Feb3
Hello, HATLAB!
The value of x is5 
Feb3
Hello, HATLAB!
The value of x is5 
Feb3
Hello, HATLAB!
The value of x is5 
clc
x=linspace(0,2*pi,500)

x =

  Columns 1 through 11

         0    0.0126    0.0252    0.0378    0.0504    0.0630    0.0755    0.0881    0.1007    0.1133    0.1259

  Columns 12 through 22

    0.1385    0.1511    0.1637    0.1763    0.1889    0.2015    0.2141    0.2266    0.2392    0.2518    0.2644

  Columns 23 through 33

    0.2770    0.2896    0.3022    0.3148    0.3274    0.3400    0.3526    0.3652    0.3777    0.3903    0.4029

  Columns 34 through 44

    0.4155    0.4281    0.4407    0.4533    0.4659    0.4785    0.4911    0.5037    0.5163    0.5288    0.5414

  Columns 45 through 55

    0.5540    0.5666    0.5792    0.5918    0.6044    0.6170    0.6296    0.6422    0.6548    0.6674    0.6799

  Columns 56 through 66

    0.6925    0.7051    0.7177    0.7303    0.7429    0.7555    0.7681    0.7807    0.7933    0.8059    0.8185

  Columns 67 through 77

    0.8310    0.8436    0.8562    0.8688    0.8814    0.8940    0.9066    0.9192    0.9318    0.9444    0.9570

  Columns 78 through 88

    0.9695    0.9821    0.9947    1.0073    1.0199    1.0325    1.0451    1.0577    1.0703    1.0829    1.0955

  Columns 89 through 99

    1.1081    1.1206    1.1332    1.1458    1.1584    1.1710    1.1836    1.1962    1.2088    1.2214    1.2340

  Columns 100 through 110

    1.2466    1.2592    1.2717    1.2843    1.2969    1.3095    1.3221    1.3347    1.3473    1.3599    1.3725

  Columns 111 through 121

    1.3851    1.3977    1.4103    1.4228    1.4354    1.4480    1.4606    1.4732    1.4858    1.4984    1.5110

  Columns 122 through 132

    1.5236    1.5362    1.5488    1.5614    1.5739    1.5865    1.5991    1.6117    1.6243    1.6369    1.6495

  Columns 133 through 143

    1.6621    1.6747    1.6873    1.6999    1.7125    1.7250    1.7376    1.7502    1.7628    1.7754    1.7880

  Columns 144 through 154

    1.8006    1.8132    1.8258    1.8384    1.8510    1.8635    1.8761    1.8887    1.9013    1.9139    1.9265

  Columns 155 through 165

    1.9391    1.9517    1.9643    1.9769    1.9895    2.0021    2.0146    2.0272    2.0398    2.0524    2.0650

  Columns 166 through 176

    2.0776    2.0902    2.1028    2.1154    2.1280    2.1406    2.1532    2.1657    2.1783    2.1909    2.2035

  Columns 177 through 187

    2.2161    2.2287    2.2413    2.2539    2.2665    2.2791    2.2917    2.3043    2.3168    2.3294    2.3420

  Columns 188 through 198

    2.3546    2.3672    2.3798    2.3924    2.4050    2.4176    2.4302    2.4428    2.4554    2.4679    2.4805

  Columns 199 through 209

    2.4931    2.5057    2.5183    2.5309    2.5435    2.5561    2.5687    2.5813    2.5939    2.6065    2.6190

  Columns 210 through 220

    2.6316    2.6442    2.6568    2.6694    2.6820    2.6946    2.7072    2.7198    2.7324    2.7450    2.7576

  Columns 221 through 231

    2.7701    2.7827    2.7953    2.8079    2.8205    2.8331    2.8457    2.8583    2.8709    2.8835    2.8961

  Columns 232 through 242

    2.9086    2.9212    2.9338    2.9464    2.9590    2.9716    2.9842    2.9968    3.0094    3.0220    3.0346

  Columns 243 through 253

    3.0472    3.0597    3.0723    3.0849    3.0975    3.1101    3.1227    3.1353    3.1479    3.1605    3.1731

  Columns 254 through 264

    3.1857    3.1983    3.2108    3.2234    3.2360    3.2486    3.2612    3.2738    3.2864    3.2990    3.3116

  Columns 265 through 275

    3.3242    3.3368    3.3494    3.3619    3.3745    3.3871    3.3997    3.4123    3.4249    3.4375    3.4501

  Columns 276 through 286

    3.4627    3.4753    3.4879    3.5005    3.5130    3.5256    3.5382    3.5508    3.5634    3.5760    3.5886

  Columns 287 through 297

    3.6012    3.6138    3.6264    3.6390    3.6516    3.6641    3.6767    3.6893    3.7019    3.7145    3.7271

  Columns 298 through 308

    3.7397    3.7523    3.7649    3.7775    3.7901    3.8026    3.8152    3.8278    3.8404    3.8530    3.8656

  Columns 309 through 319

    3.8782    3.8908    3.9034    3.9160    3.9286    3.9412    3.9537    3.9663    3.9789    3.9915    4.0041

  Columns 320 through 330

    4.0167    4.0293    4.0419    4.0545    4.0671    4.0797    4.0923    4.1048    4.1174    4.1300    4.1426

  Columns 331 through 341

    4.1552    4.1678    4.1804    4.1930    4.2056    4.2182    4.2308    4.2434    4.2559    4.2685    4.2811

  Columns 342 through 352

    4.2937    4.3063    4.3189    4.3315    4.3441    4.3567    4.3693    4.3819    4.3945    4.4070    4.4196

  Columns 353 through 363

    4.4322    4.4448    4.4574    4.4700    4.4826    4.4952    4.5078    4.5204    4.5330    4.5456    4.5581

  Columns 364 through 374

    4.5707    4.5833    4.5959    4.6085    4.6211    4.6337    4.6463    4.6589    4.6715    4.6841    4.6966

  Columns 375 through 385

    4.7092    4.7218    4.7344    4.7470    4.7596    4.7722    4.7848    4.7974    4.8100    4.8226    4.8352

  Columns 386 through 396

    4.8477    4.8603    4.8729    4.8855    4.8981    4.9107    4.9233    4.9359    4.9485    4.9611    4.9737

  Columns 397 through 407

    4.9863    4.9988    5.0114    5.0240    5.0366    5.0492    5.0618    5.0744    5.0870    5.0996    5.1122

  Columns 408 through 418

    5.1248    5.1374    5.1499    5.1625    5.1751    5.1877    5.2003    5.2129    5.2255    5.2381    5.2507

  Columns 419 through 429

    5.2633    5.2759    5.2885    5.3010    5.3136    5.3262    5.3388    5.3514    5.3640    5.3766    5.3892

  Columns 430 through 440

    5.4018    5.4144    5.4270    5.4396    5.4521    5.4647    5.4773    5.4899    5.5025    5.5151    5.5277

  Columns 441 through 451

    5.5403    5.5529    5.5655    5.5781    5.5906    5.6032    5.6158    5.6284    5.6410    5.6536    5.6662

  Columns 452 through 462

    5.6788    5.6914    5.7040    5.7166    5.7292    5.7417    5.7543    5.7669    5.7795    5.7921    5.8047

  Columns 463 through 473

    5.8173    5.8299    5.8425    5.8551    5.8677    5.8803    5.8928    5.9054    5.9180    5.9306    5.9432

  Columns 474 through 484

    5.9558    5.9684    5.9810    5.9936    6.0062    6.0188    6.0314    6.0439    6.0565    6.0691    6.0817

  Columns 485 through 495

    6.0943    6.1069    6.1195    6.1321    6.1447    6.1573    6.1699    6.1825    6.1950    6.2076    6.2202

